mosquitto version 1.5.8
1123 seconds
1
0
0
1
1
0
1
0.91
0.20
0.07
0.91
0.20
0.07
0.00
0.00
0.00
0.00
0.00
0.00
0.00
0.00
0.00
12.79
2.75
0.93
3.65
0.79
0.27
0.91
0.20
0.07
0.91
0.20
0.07
52
1
1
52
180
0
52
36288
36664
0
0
0
0
0
14
4
1134 seconds
2.59
50.10
47.51
29.84
1880.67
0.76
0.76
0.58
10.79
10.21
6.77
404.31
0.20
3.64
3.45
2.31
136.43
192
2
39968
40232
3
55
52
35
2059
181
1145 seconds
2.15
67.29
65.14
24.84
2589.88
0.63
0.63
0.56
15.90
15.34
6.53
609.90
5.45
5.26
2.28
209.05
199
40400
40984
83
80
3180
301
1156 seconds
1.79
77.95
76.15
20.68
3043.24
0.53
0.53
0.54
20.04
19.50
6.30
778.62
6.98
6.79
2.25
270.85
40360
107
104
4151
413
1167 seconds
1.49
84.99
83.50
17.21
3356.71
0.44
0.44
0.52
23.64
23.12
6.07
927.53
8.35
8.16
2.22
327.26
201
40400
129
126
5052
519
1178 seconds
1.24
91.77
90.53
14.33
3653.29
0.37
0.37
0.50
27.31
26.81
5.85
1078.73
9.77
9.59
2.20
385.57
202
152
149
5992
628
testtesttest
testtesttest
testtesttest
testtesttest
testtesttest
testtesttest
1189 seconds
6.52
101.98
5.48
100.95
283.30
4142.32
0.30
0.30
1.66
31.82
1.18
31.34
63.96
1276.53
0.58
11.51
0.40
11.32
21.85
460.73
209
40752
41024
9
180
6
177
332
7197
72
805
testtesttest
testtesttest
testtesttest
testtesttest
testtesttest
testtesttest
testtesttest
testtesttest
testtesttest
testtesttest
testtesttest
1200 seconds
15.48
124.19
14.61
123.32
732.89
5148.82
0.25
0.25
3.76
39.12
3.30
38.66
168.49
1596.03
1.31
14.22
1.12
14.04
57.63
578.44
214
40880
41528
20
223
17
220
876
9058
204
1082
testtesttest
testtesttest
testtesttest
testtesttest
testtesttest
testtesttest
testtesttest
testtesttest
testtesttest
testtesttest
testtesttest
1211 seconds
22.93
142.67
22.22
141.96
1083.41
5969.36
0.21
0.21
5.79
46.16
5.34
45.71
264.15
1900.29
2.02
16.90
1.84
16.71
91.25
693.47
219
41536
31
266
28
263
1394
10900
336
1366
testtesttest
testtesttest
testtesttest
testtesttest
testtesttest
testtesttest
testtesttest
testtesttest
testtesttest
testtesttest
testtesttest
1222 seconds
29.14
157.15
28.55
156.55
1396.23
6646.05
0.18
0.18
7.74
52.74
7.31
52.31
360.88
2192.23
2.72
19.47
2.54
19.29
125.99
806.64
222
42
308
39
305
1935
12735
468
1648
testtesttest
testtesttest
testtesttest
testtesttest
testtesttest
testtesttest
testtesttest
testtesttest
testtesttest
testtesttest
testtesttest
1233 seconds
34.31
168.29
33.81
167.79
1613.71
7137.21
0.15
0.15
9.62
58.90
9.20
58.48
444.90
2458.14
3.42
21.95
3.24
21.78
157.20
913.19
40840
53
349
50
346
2429
14491
600
1926
testtesttest
testtesttest
